# Creation time: 2022-06-20T16:44:02.726  -0600
#   a      e        i        q        r        M       node     peri  m_rand H_rand color Comments delta
  34.976  0.112    4.377   31.059   38.753  162.785  261.891    6.291  23.72   7.81  0.00 38.76                            37.78
  42.232  0.130    9.111   36.742   42.136  278.418   44.709   95.173  23.89   7.65  0.00 42.20                            41.15
  42.481  0.342    0.092   27.952   28.113  354.352   61.203   80.460  23.42   8.89  0.00 28.36                            27.15
  42.188  0.410    3.599   24.891   27.539   19.640  328.430  109.390  22.66   8.22  0.00 26.74                            26.57
  42.413  0.161    5.858   35.585   43.518   90.240  179.961   67.759  22.97   6.57  0.00 43.62                            42.53
  42.273  0.221    7.848   32.931   36.034  321.349  320.752  234.768  24.09   8.53  0.00 36.16                            35.05
  42.495  0.199   13.527   34.038   40.614  293.977  247.823  264.952  24.03   7.86  0.00 40.52                            39.69
  55.350  0.418    0.850   32.214   33.927   13.139  102.968   60.566  23.11   7.73 -0.70 34.19                            32.97
  55.500  0.285    6.120   39.683   42.048  336.837  112.610  222.942  23.52   7.27  0.00 42.06                            41.04
  55.279  0.377   30.330   34.439   34.463    1.667  248.823  175.665  23.66   8.22  0.00 34.46                            33.51
  55.431  0.437    7.292   31.208   45.546   43.055  237.391  259.912  23.77   7.14  0.00 45.55                            44.56
  36.417  0.093    7.310   33.030   35.025  299.169   59.341  254.467  23.11   7.62  0.00 35.11                            34.04
  36.631  0.087    6.115   33.444   34.053  327.023  334.136  203.639  24.27   8.97  0.00 34.10                            33.07
  36.522  0.160    5.109   30.678   31.857  328.503   32.892  237.381  23.05   7.95  0.00 31.85                            30.89
  36.690  0.127    2.105   32.030   32.087    7.932  342.217  139.455  23.84   8.72  0.00 32.03                            31.13
  39.326  0.212    9.653   30.989   42.457  100.824  178.254   57.113  23.31   7.03  0.00 42.58                            41.46
  39.306  0.176   14.749   32.388   36.963  299.262   38.893   78.589  24.38   8.68  0.00 37.04                            35.99
  39.326  0.224   22.740   30.517   31.018  344.871  235.723   20.796  23.49   8.53  0.00 31.01                            30.02
  39.478  0.146    1.772   33.714   34.428   24.778   20.138  143.169  22.69   7.23 -0.70 34.53                            33.48
  39.587  0.202   24.152   31.590   32.659  335.843   77.017   36.061  23.99   8.84  0.00 32.59                            31.68
  39.321  0.208   20.353   31.142   31.999   21.135    9.977  147.149  23.53   8.47  0.00 32.14                            31.01
  39.422  0.174   17.849   32.563   34.292   34.957   68.484  132.310  23.40   7.97  0.00 34.17                            33.33
  39.529  0.131   17.574   34.351   34.948   24.268  223.499  331.781  23.41   7.94  0.00 34.95                            33.96
  39.526  0.187   22.693   32.135   35.375  313.044   66.253   65.426  24.06   8.50  0.00 35.30                            34.44
  39.374  0.201   16.471   31.460   41.955  261.832  225.525  298.705  24.33   8.12  0.00 42.04                            40.97
  39.555  0.210   13.077   31.248   33.877   38.085   50.789  124.930  23.47   8.13  0.00 33.88                            32.88
  39.585  0.165    7.742   33.053   33.056  358.040  343.938   10.329  23.01   7.77  0.00 33.04                            32.08
  39.501  0.284   16.973   28.283   35.541  305.901   13.932  268.561  23.65   8.06 -0.70 35.22                            34.59
  39.570  0.167   16.992   32.962   32.979  356.270  216.090  190.077  23.67   8.48  0.00 32.99                            32.00
  39.437  0.255    6.381   29.381   33.232   40.390  229.476  314.304  22.50   7.24  0.00 32.99                            32.24
  39.375  0.217    6.687   30.831   32.046   24.568   41.813  324.057  23.21   8.17  0.00 31.97                            31.06
  39.283  0.213   16.128   30.916   33.205   35.021   49.622  128.056  23.85   8.59  0.00 33.21                            32.22
  39.532  0.221   29.143   30.795   33.745   39.011  207.326  302.840  23.53   8.23  0.00 33.76                            32.75
  43.676  0.149    0.525   37.168   40.408   52.512  120.189  133.428  23.74   7.67  0.00 40.38                            39.40
  43.721  0.150    1.264   37.163   37.570  342.708  223.760  349.997  22.89   7.12  0.00 37.52                            36.58
  43.558  0.044    5.484   41.641   41.802   22.544  245.395  322.904  23.95   7.71  0.00 41.81                            40.81
  43.631  0.093    3.237   39.573   40.506   36.191   59.422  329.249  23.99   7.87  0.00 40.53                            39.54
  53.130  0.379    3.030   32.994   34.271   12.891  119.481  347.274  23.72   8.37  0.00 34.14                            33.29
  47.656  0.392    4.553   28.975   29.086    3.785  235.984  344.147  23.50   8.80  0.00 29.10                            28.10
  47.914  0.357    6.395   30.809   32.456   16.586   51.169  336.744  23.48   8.28  0.00 32.57                            31.53
  47.666  0.319    3.604   32.461   32.537  356.133   49.435  204.588  23.51   8.33  0.00 32.56                            31.56
  47.786  0.131    2.211   41.526   43.438   40.604   63.111   83.561  22.91   6.47 -0.70 43.53                            42.48
  38.180  0.064   19.144   35.751   35.915   19.816  233.310  338.792  22.66   7.09  0.00 35.9140                          34.92
  38.699  0.028    4.534   37.611   37.916  316.987   34.836   49.003  23.11   7.29  0.00 37.9273                          36.94
  37.890  0.029    5.087   36.776   37.237  307.082   51.619   44.855  23.84   8.12  0.00 37.2515                          36.25
  44.941  0.168    4.700   37.373   37.548  349.736  231.825   13.842  23.64   7.84  0.00 37.5443                          36.58
  40.996  0.110   45.532   36.478   37.189   29.237  146.073  145.508  22.88   7.12 -0.80 37.3125                          36.21
  44.055  0.071    5.391   40.923   41.366   28.901  135.745  149.006  23.96   7.77  0.00 41.3635                          40.37
  45.066  0.071    2.836   41.852   46.739  242.112  207.454  148.605  23.38   6.63  0.00 46.7332                          45.77
  43.792  0.081    5.941   40.245   41.756   51.160   25.812  113.957  22.82   6.54 -0.70 41.8296                          40.80
  43.704  0.058    1.050   41.191   45.601  136.948   98.121   88.654  23.34   6.70 -0.80 45.6652                          44.62
  45.116  0.052    2.853   42.775   47.373  163.736    2.773   32.115  23.35   6.53 -0.70 47.3842                          46.40
  44.209  0.106    5.043   39.509   41.477  310.545  127.789   71.029  23.77   7.60  0.00 41.5339                          40.49
  41.880  0.054   33.227   39.636   39.751  342.385  128.278   18.377  23.78   7.76  0.00 39.8028                          38.78
  46.638  0.086    3.003   42.645   44.015  314.813  179.873   78.344  23.55   7.07  0.00 44.0051                          43.03
  45.829  0.213   16.839   36.068   47.215   86.073  229.521  248.796  22.08   5.28  0.00 47.2171                          46.24
  40.302  0.107   14.424   35.974   38.785   63.701   48.110  106.668  23.86   7.92  0.00 38.7859                          37.80
  44.375  0.032    6.350   42.937   43.215   35.004   66.925  326.997  23.99   7.59  0.00 43.2232                          42.26
  46.743  0.117    4.694   41.270   43.776  308.496   25.795  239.248  23.92   7.45  0.00 43.7629                          42.80
  43.755  0.086    4.155   40.005   42.964  287.021  116.014  102.180  23.18   6.84  0.00 43.0177                          41.98
  43.112  0.075    4.092   39.875   44.628  114.096   50.326   26.518  23.40   6.83 -0.70 44.6950                          43.67
  45.355  0.178   11.509   37.286   37.559  347.691  196.395   19.945  22.90   7.08 -0.70 37.5067                          36.60
  46.112  0.127    1.266   40.279   49.971  126.009   28.917  323.484  23.52   6.49  0.00 49.7556                          49.00
  44.099  0.067    3.949   41.126   44.521   94.315  261.174   74.138  23.67   7.17  0.00 44.5480                          43.54
  43.920  0.069    2.915   40.889   40.991  345.919  120.541  224.126  23.27   7.08 -0.80 40.9615                          40.02
  45.962  0.145    2.252   39.274   41.345   40.282   91.981  350.127  23.88   7.71  0.00 41.2667                          40.37
  42.963  0.020    2.962   42.112   42.260  326.701  101.464   67.638  24.03   7.75  0.00 42.2632                          41.28
  45.524  0.094    4.040   41.240   42.517   41.540   45.929  111.586  23.67   7.36  0.00 42.5217                          41.53
  44.358  0.048    2.244   42.228   46.486  177.629  233.718  146.980  22.96   6.22 -0.70 46.4877                          45.53
  44.576  0.033    3.655   43.096   45.811  214.560  232.975  148.899  23.90   7.27  0.00 45.8093                          44.81
  42.752  0.020    2.492   41.880   42.174  312.109  121.192  239.665  23.64   7.34  0.00 42.1805                          41.18
  44.360  0.042    2.101   42.492   42.880   36.067   29.782  165.852  23.91   7.56  0.00 42.8812                          41.88
  45.522  0.126    3.566   39.809   45.154  280.876  216.677   76.167  23.56   6.95 -0.70 45.0237                          44.19
  46.801  0.181    3.609   38.340   38.632  347.544  129.066  217.225  23.45   7.52 -0.80 38.5440                          37.65
  44.282  0.077    6.277   40.890   41.022  344.984  103.351  201.012  22.95   6.77  0.00 41.0270                          40.03
  42.550  0.023    0.763   41.571   41.585  349.870  125.220   15.262  23.14   6.91  0.00 41.6014                          40.62
  43.990  0.083   13.825   40.334   41.100  325.095   40.454   41.207  23.71   7.56  0.00 41.1240                          40.12
  41.264  0.121   13.149   36.259   38.610   52.049   62.230  115.616  23.46   7.52  0.00 38.4976                          37.64
  45.674  0.137    1.860   39.421   39.421   -1.434   74.402  255.509  23.16   7.14 -0.80 39.4221                          38.44
  44.272  0.101    3.852   39.822   46.448  114.247   73.357   31.524  23.79   7.07  0.00 46.4559                          45.47
  43.502  0.164   35.313   36.363   38.675   40.523   52.164  125.307  23.51   7.59  0.00 38.6759                          37.68
  44.039  0.074    3.105   40.767   40.939   17.435   22.329  355.689  24.05   7.90  0.00 40.9293                          39.96
  42.506  0.020    2.253   41.643   41.644    6.098  101.263  218.900  23.53   7.30  0.00 41.6477                          40.65
  44.178  0.011    2.912   43.679   44.056  285.001  252.827  253.365  24.11   7.62  0.00 44.0498                          43.10
  44.935  0.015    0.554   44.274   45.309  236.459  180.533  146.788  23.49   6.88  0.00 45.3061                          44.33
  42.747  0.034    1.001   41.298   42.509  281.476   70.981   85.176  22.94   6.63  0.00 42.4920                          41.54
  46.703  0.065    1.482   43.667   44.015  333.915  254.024  173.347  24.09   7.63  0.00 44.0331                          43.04
  43.873  0.069    3.612   40.855   40.906   10.157  130.928  182.948  23.61   7.44 -0.80 40.9380                          39.92
  44.377  0.064    1.716   41.524   41.631   14.962  260.738  124.331  23.71   7.52  0.00 41.6271                          40.65
  43.467  0.032    0.913   42.097   44.745  201.233  102.028   25.526  23.46   6.90 -0.80 44.7303                          43.76
  44.528  0.091    4.467   40.485   40.538  351.602   45.674  199.112  23.71   7.60  0.00 40.5355                          39.54
  44.058  0.063    4.388   41.278   41.707   30.213  115.812  344.181  24.01   7.79  0.00 41.6820                          40.73
  42.488  0.049    0.850   40.406   40.588   22.873   92.144  128.564  23.82   7.68  0.00 40.5687                          39.61
  45.517  0.109    1.975   40.560   42.935   53.334  138.718  124.412  23.88   7.52  0.00 43.0092                          41.94
  42.965  0.025    1.907   41.899   42.122  323.419    4.022  169.827  23.87   7.61  0.00 42.1276                          41.14
  44.650  0.019    0.903   43.788   44.693   91.941  189.238  114.837  24.38   7.85  0.00 44.6878                          43.72
  42.505  0.045    0.932   40.571   44.130  214.337   81.389  258.088  23.58   7.12  0.00 44.1025                          43.14
  43.251  0.171   29.922   35.846   35.937  352.459  109.152  190.925  23.46   7.84  0.00 35.9405                          34.96
  43.943  0.074    1.725   40.669   40.665    0.066   91.515  224.589  23.44   7.31  0.00 40.6678                          39.67
  44.557  0.143    9.917   38.204   40.293  318.259  101.686   61.327  23.84   7.72  0.00 40.2405                          39.35
  46.603  0.222    9.928   36.276   36.421  352.608  291.970  191.328  23.77   8.07  0.00 36.3976                          35.49
  42.607  0.029    1.575   41.376   42.958  254.857   30.998   46.044  23.42   7.03 -0.80 42.9132                          41.98
  44.470  0.099    0.558   40.058   43.339  290.387   52.676  162.447  23.98   7.59  0.00 43.4007                          42.36
  44.209  0.055    1.248   41.790   42.667  311.969   71.409  109.909  23.40   7.06  0.00 42.7808                          41.70
  43.840  0.059    3.886   41.231   43.181   72.166  338.031  265.300  23.98   7.62  0.00 43.1725                          42.17
  42.624  0.034    3.762   41.179   43.930  205.823  335.071  148.774  22.90   6.42 -0.80 43.9063                          42.95
  45.156  0.059    0.890   42.470   47.459  212.648   93.922  100.194  23.18   6.42  0.00 47.4725                          46.47
